10242
10244
10248
10251
2062
12302
8211
16403
20500
10262
16409
14365
12318
10274
4132
6180
12325
6186
4154
8256
8257
2114
22595
4165
75
76
10324
4182
16473
6243
4200
4204
12402
12403
16501
6275
14468
6285
12429
6291
16533
12438
12449
16545
10406
6312
10411
10412
16559
12465
12468
18613
12475
20667
22019
12483
10436
12485
4294
22021
14542
14543
22022
14545
22023
2263
22024
10459
6364
22754
14570
237
22028
20722
22029
22030
14588
14589
22031
8448
10496
22032
14595
16645
12550
22033
22034
16656
16657
22035
22037
12571
14619
12575
14623
16675
20771
12581
8486
22039
22040
8494
12591
22041
22042
10550
14647
22043
8506
22044
319
321
12610
16706
22045
22046
18764
22047
10575
337
6481
20820
4438
22049
10585
4443
14685
6497
2406
22052
22053
22054
14707
8567
8569
4474
22056
22057
22058
16774
10632
4490
12682
10638
16782
10643
22061
10645
22934
20887
22062
8604
22063
416
22065
8617
12715
14763
6573
8622
14765
22066
6578
22068
440
14779
22069
22971
20928
22070
12738
22071
2506
10706
10707
10717
22076
6625
12769
22077
23017
22079
23034
8699
20989
22082
10756
22084
21001
12811
22085
527
8726
10775
22087
22088
6685
22089
22090
12839
6696
22093
14901
22094
22095
19010
23107
22097
22098
23118
14928
6737
22099
12883
19034
6747
6749
4710
22103
6761
8812
22105
21107
21109
2678
10871
14966
22107
12926
24143
4736
10880
4743
22111
23188
2727
23214
22118
22120
22121
2758
22122
21192
17106
13017
22127
22128
6887
15079
4841
17130
6891
2803
22132
19196
765
769
6919
4873
8970
15113
2828
21262
21263
21264
6929
21265
21266
21267
792
793
794
13080
22139
797
6941
22141
2855
19240
13098
22142
22143
6965
9013
6967
21301
22144
22145
22146
22147
6982
15176
21320
22148
6987
17227
2902
2903
13142
22151
22152
13152
15201
22153
2917
7013
15207
7016
19303
22154
22155
22156
22157
19326
22159
7043
13188
15235
2950
22162
21395
21396
7061
21397
5016
22164
22165
13218
21410
22166
22167
9131
17325
22168
2992
17334
22171
9152
19393
22172
5061
5062
5063
22173
22174
7119
3024
22175
13268
21462
7131
22177
15327
22178
7137
19425
22179
19430
5095
5096
22180
7149
22182
13305
22183
7164
7168
22185
9226
1037
1038
1039
1040
7181
7182
13329
22188
13335
22189
19481
7194
5151
7203
7205
17450
11309
9263
5168
13360
22195
5174
9271
7223
7224
5178
7225
22196
7230
7231
13379
22198
19527
21576
22199
13386
5196
17485
7246
7247
15439
21581
22201
13396
7254
22202
5210
9307
22203
9313
22204
9316
13412
15463
22206
13421
22207
7284
17526
13433
5242
5249
7298
1158
22211
17545
7307
22212
5263
22213
22214
7319
15515
22216
22217
7335
9383
22218
7338
7343
7345
7346
11445
5304
3260
7357
9405
11456
22224
11467
15563
22225
5326
1231
5327
3281
15568
5333
5334
22227
9433
5339
22228
9439
13536
5345
13545
22231
7405
13550
9455
19696
5361
9457
9459
19697
11509
22233
5368
22234
23803
23804
7421
22235
21759
23805
9473
23806
13571
22236
9477
22237
5394
5395
13589
24275
5400
22240
5403
9500
1310
13599
9504
5409
5410
13603
3371
13611
9519
9522
9524
5431
5436
13630
9535
13633
7490
7491
11587
5447
19786
7499
19791
1360
9554
9555
9556
19794
7511
13659
9566
11615
9568
17760
19809
19810
13668
1381
7526
5479
17764
1393
5496
5499
23932
5501
23933
23934
13696
9601
15746
1412
17798
21895
21896
7561
21897
9611
21898
21899
21900
21901
1424
19856
9620
9621
9622
9623
11672
15764
5535
11680
9635
11684
13738
13739
5548
5553
9650
5556
15800
9657
9658
9662
5569
9665
5575
11719
9673
9674
9675
9676
11722
5583
9679
9680
9681
15826
13780
5591
5592
5595
5596
5597
11743
5600
5602
7654
11752
21993
9706
11755
21994
21995
5616
11761
1523
9718
9719
19965
5631
5632
17921
19967
9731
5636
9732
13830
15875
22016
22017
5642
22018
3596
22020
9742
5647
11790
1553
22025
22026
22027
9749
5654
9750
9751
5657
11799
5659
9756
22036
7710
22038
1568
9760
1570
9761
5668
9762
9766
11810
13856
22048
13866
22050
22051
9773
5678
9774
9775
5681
9778
9779
22059
22060
5686
11831
9784
5689
9786
9787
22067
9789
5694
9791
15935
22072
22073
22074
22075
5701
9797
22078
11848
22080
22081
9803
22083
9805
9806
22086
1616
5713
9809
11856
22091
22092
1622
7766
9815
22096
9818
9819
11867
22100
22101
22102
5728
9825
11874
22106
5732
22108
22109
22110
9832
22112
22113
22114
22115
22116
22117
9839
22119
1649
11890
15987
22123
22124
22125
22126
7800
5753
9849
22131
11900
13948
22133
22134
22135
22136
22137
22138
9860
22140
1670
5767
5768
9862
7818
9864
18055
18056
22149
22150
9872
1681
18064
1683
9876
9877
5782
22158
18072
22160
22161
9883
22163
9885
5790
9887
1696
9889
22169
22170
5796
11940
11941
9895
11944
22176
9898
9899
1708
5805
22181
5807
9903
22184
11954
22186
22187
14005
16054
22190
22191
22192
22193
22194
5820
18108
22197
9919
14015
22200
5826
7875
9924
14019
22205
14023
9928
22208
22209
22210
9932
9933
9934
11981
22215
3793
5841
11987
20178
16085
22222
22223
5848
9944
9945
22226
3804
5852
22229
22230
14048
22232
5858
18147
1764
5860
18148
22238
22239
12009
22241
22242
22246
12013
22247
22248
22249
14066
9972
5878
12024
22266
22267
22268
22269
22270
5887
22271
12034
12035
5893
9990
18183
16136
9994
9995
12043
18188
5902
5903
10000
24334
10004
5909
5912
14105
10010
16154
10013
10014
18207
5920
10017
3876
10021
12072
10026
14124
14125
12080
5938
12082
22329
22330
10044
10047
1864
10056
10057
12104
12108
12112
1874
5972
10074
14170
18273
1894
12134
8040
12135
12137
5995
12138
10096
1905
1906
12147
6005
16249
10111
16258
10115
8074
10126
10136
6042
14243
6055
10154
12202
12203
12205
14251
18351
10168
14271
10177
12225
10182
14278
12232
20422
14282
20423
12236
12237
4047
20435
12244
8149
12248
10201
16345
12254
14303
12257
12260
20459
24557
12273
10228
14327
12284
